_H:	|batch	|epoch	%avg_sse	%cnt_err	%avg_ext_rew	%avg_cycles	%epoch_time_tot	%epoch_time_usr
_D:	0	0	6.6524	25	0	32.28	0	0
_D:	0	1	5.63468	25	0	34.16	0	0
_D:	0	2	4.7844	25	0	31.52	0	0
_D:	0	3	4.11899	25	0	36.08	0	0
_D:	0	4	3.76577	25	0	29.24	0	0
_D:	0	5	3.00485	25	0	30.08	0	0
_D:	0	6	2.15921	25	0	30.32	0	0
_D:	0	7	2.09591	25	0	29.44	0	0
_D:	0	8	2.1557	23	0	31.24	0	0
_D:	0	9	1.33056	23	0	30.32	0	0
_D:	0	10	0.935294	19	0	28.44	0	0
_D:	0	11	0.557908	15	0	31.28	0	0
_D:	0	12	0.713049	12	0	31.76	0	0
_D:	0	13	1.04319	14	0	27.52	0	0
_D:	0	14	1.06335	16	0	28	0	0
_D:	0	15	0.263774	7	0	25.28	0	0
_D:	0	16	0.207456	4	0	25.52	0	0
_D:	0	17	0.0506499	3	0	25.08	0	0
_D:	0	18	0.0284603	1	0	26.16	0	0
_D:	0	19	0	0	0	27.56	0	0
_D:	1	0	6.17796	25	0	28.84	0	0
_D:	1	1	5.01864	25	0	32.24	0	0
_D:	1	2	4.41129	25	0	30.36	0	0
_D:	1	3	3.97507	25	0	31.16	0	0
_D:	1	4	3.29337	25	0	29.6	0	0
_D:	1	5	2.74068	25	0	29.16	0	0
_D:	1	6	2.33601	25	0	30.6	0	0
_D:	1	7	1.59133	25	0	29.84	0	0
_D:	1	8	2.33404	22	0	29.64	0	0
_D:	1	9	1.72159	21	0	28.44	0	0
_D:	1	10	0.935773	20	0	26.52	0	0
_D:	1	11	0.714576	18	0	27.84	0	0
_D:	1	12	1.38139	18	0	27.36	0	0
_D:	1	13	0.773274	18	0	26.28	0	0
_D:	1	14	0.933769	17	0	29.64	0	0
_D:	1	15	0.790491	16	0	26.68	0	0
_D:	1	16	0.540182	11	0	28	0	0
_D:	1	17	0.251925	11	0	25.2	0	0
_D:	1	18	0.244471	7	0	28.4	0	0
_D:	1	19	0.262453	5	0	24.84	0	0
_D:	1	20	0.110862	7	0	26.96	0	0
_D:	1	21	0.0614288	4	0	27	0	0
_D:	1	22	0.226829	3	0	26.48	0	0
_D:	1	23	0.111124	3	0	28.28	0	0
_D:	1	24	0.0347124	3	0	28.64	0	0
_D:	1	25	0	0	0	26.72	0	0
_D:	2	0	6.5651	25	0	29.48	0	0
_D:	2	1	5.59501	25	0	29.68	0	0
_D:	2	2	4.29207	25	0	34.12	0	0
_D:	2	3	3.99225	25	0	31.08	0	0
_D:	2	4	3.13536	25	0	35.6	0	0
_D:	2	5	2.95878	25	0	34	0	0
_D:	2	6	2.0699	25	0	30.56	0	0
_D:	2	7	1.5665	23	0	32.96	0	0
_D:	2	8	1.55641	20	0	30.08	0	0
_D:	2	9	0.844187	19	0	30.04	0	0
_D:	2	10	0.590793	16	0	29.2	0	0
_D:	2	11	0.349576	11	0	29.8	0	0
_D:	2	12	0.45689	11	0	28.64	0	0
_D:	2	13	0.779538	10	0	29.4	0	0
_D:	2	14	0.717683	12	0	31.48	0	0
_D:	2	15	0.725947	11	0	26.96	0	0
_D:	2	16	0.0913899	5	0	25.36	0	0
_D:	2	17	0.054802	3	0	27.12	0	0
_D:	2	18	0.014773	1	0	27	0	0
_D:	2	19	0.109851	3	0	26.4	0	0
_D:	2	20	0.0339317	2	0	26.4	0	0
_D:	2	21	0.0129004	1	0	26.08	0	0
_D:	2	22	0	0	0	26.56	0	0
_D:	3	0	6.41077	25	0	30.48	0	0
_D:	3	1	5.95834	25	0	29.12	0	0
_D:	3	2	4.5402	25	0	36.2	0	0
_D:	3	3	3.60181	25	0	33.56	0	0
_D:	3	4	3.42101	25	0	33.16	0	0
_D:	3	5	3.49968	25	0	35.48	0	0
_D:	3	6	2.56899	25	0	30	0	0
_D:	3	7	2.88919	25	0	32.4	0	0
_D:	3	8	2.03812	21	0	28.72	0	0
_D:	3	9	1.25136	21	0	30.12	0	0
_D:	3	10	0.77025	19	0	31.8	0	0
_D:	3	11	0.853531	19	0	30.24	0	0
_D:	3	12	0.378347	14	0	31.4	0	0
_D:	3	13	0.266871	12	0	30.68	0	0
_D:	3	14	0.423963	8	0	30.56	0	0
_D:	3	15	0.168857	6	0	30.56	0	0
_D:	3	16	0.318413	8	0	27.92	0	0
_D:	3	17	0.259841	6	0	27.96	0	0
_D:	3	18	0.048641	2	0	28.24	0	0
_D:	3	19	0.872116	6	0	26.96	0	0
_D:	3	20	1.14775	8	0	26	0	0
_D:	3	21	0.814893	4	0	28.12	0	0
_D:	3	22	0.0293667	1	0	26.56	0	0
_D:	3	23	0.022945	2	0	26.88	0	0
_D:	3	24	0.012381	1	0	25.92	0	0
_D:	3	25	0.0121572	1	0	26.4	0	0
_D:	3	26	0.0117554	1	0	26.6	0	0
_D:	3	27	0	0	0	27.68	0	0
_D:	4	0	6.98284	25	0	33	0	0
_D:	4	1	5.62554	25	0	35.44	0	0
_D:	4	2	5.13751	25	0	32.48	0	0
_D:	4	3	4.54077	25	0	33	0	0
_D:	4	4	3.21779	25	0	33.44	0	0
_D:	4	5	3.0287	25	0	30.64	0	0
_D:	4	6	2.08143	24	0	31.16	0	0
_D:	4	7	1.91938	23	0	30.64	0	0
_D:	4	8	1.58248	22	0	29.68	0	0
_D:	4	9	1.31335	19	0	27.36	0	0
_D:	4	10	1.00706	21	0	29.32	0	0
_D:	4	11	0.528358	16	0	25.48	0	0
_D:	4	12	0.370358	11	0	26.68	0	0
_D:	4	13	0.497787	12	0	27.08	0	0
_D:	4	14	0.288133	11	0	27.2	0	0
_D:	4	15	0.131337	4	0	25.64	0	0
_D:	4	16	0.119833	5	0	27.48	0	0
_D:	4	17	0.119241	2	0	26.2	0	0
_D:	4	18	0.157696	4	0	25.32	0	0
_D:	4	19	0.0357527	1	0	25.24	0	0
_D:	4	20	0.0260507	2	0	27.52	0	0
_D:	4	21	0.0101256	1	0	25.8	0	0
_D:	4	22	0.0131714	1	0	25.68	0	0
_D:	4	23	0	0	0	26.04	0	0
_D:	5	0	6.01173	25	0	28.24	0	0
_D:	5	1	5.59435	25	0	29.68	0	0
_D:	5	2	4.14891	25	0	32.92	0	0
_D:	5	3	4.23749	25	0	30.88	0	0
_D:	5	4	3.06421	25	0	32.44	0	0
_D:	5	5	2.4367	25	0	31.8	0	0
_D:	5	6	2.21007	24	0	26.84	0	0
_D:	5	7	1.75783	24	0	29.08	0	0
_D:	5	8	1.4733	24	0	26.36	0	0
_D:	5	9	1.20251	19	0	31.44	0	0
_D:	5	10	0.73429	17	0	28.92	0	0
_D:	5	11	0.59738	17	0	29.68	0	0
_D:	5	12	0.342765	13	0	28.76	0	0
_D:	5	13	0.726728	10	0	29.08	0	0
_D:	5	14	0.261102	10	0	28.32	0	0
_D:	5	15	0.199117	9	0	27.88	0	0
_D:	5	16	0.238786	7	0	26.72	0	0
_D:	5	17	0.0831307	4	0	27.68	0	0
_D:	5	18	0.137467	5	0	29.04	0	0
_D:	5	19	0.145691	2	0	28.04	0	0
_D:	5	20	0.172343	5	0	25.56	0	0
_D:	5	21	0.0572949	2	0	26.84	0	0
_D:	5	22	0.150013	4	0	26.8	0	0
_D:	5	23	0.0148014	1	0	26.52	0	0
_D:	5	24	0.244639	1	0	25.56	0	0
_D:	5	25	0.0403248	1	0	25.28	0	0
_D:	5	26	0	0	0	25.04	0	0
_D:	6	0	7.00001	25	0	26.16	0	0
_D:	6	1	5.48748	25	0	30.64	0	0
_D:	6	2	5.07137	25	0	34.08	0	0
_D:	6	3	4.02835	25	0	29.84	0	0
_D:	6	4	2.77555	25	0	30.04	0	0
_D:	6	5	2.52197	24	0	31.92	0	0
_D:	6	6	1.71392	24	0	29.92	0	0
_D:	6	7	1.51555	22	0	28.04	0	0
_D:	6	8	0.963951	19	0	29.52	0	0
_D:	6	9	0.878354	18	0	30.2	0	0
_D:	6	10	0.479145	16	0	31.64	0	0
_D:	6	11	0.291236	10	0	25.92	0	0
_D:	6	12	0.0872905	5	0	28.08	0	0
_D:	6	13	0.0979951	5	0	28.96	0	0
_D:	6	14	0.0598153	2	0	27.52	0	0
_D:	6	15	0.166952	3	0	27.16	0	0
_D:	6	16	0.328139	2	0	26.04	0	0
_D:	6	17	0.674045	7	0	27.12	0	0
_D:	6	18	0	0	0	26.6	0	0
_D:	7	0	6.43213	25	0	29.24	0	0
_D:	7	1	5.14658	25	0	29.4	0	0
_D:	7	2	4.64231	25	0	32	0	0
_D:	7	3	4.00558	25	0	31.2	0	0
_D:	7	4	3.45189	25	0	28.44	0	0
_D:	7	5	2.63915	24	0	26.44	0	0
_D:	7	6	2.19762	25	0	27.36	0	0
_D:	7	7	1.92343	24	0	27.96	0	0
_D:	7	8	1.21666	22	0	26.16	0	0
_D:	7	9	1.22222	17	0	30.68	0	0
_D:	7	10	2.0438	23	0	28.52	0	0
_D:	7	11	1.11121	17	0	30.44	0	0
_D:	7	12	0.683488	14	0	28.12	0	0
_D:	7	13	0.694674	13	0	26.96	0	0
_D:	7	14	0.485229	6	0	27.16	0	0
_D:	7	15	0.566746	10	0	28.6	0	0
_D:	7	16	0.199889	8	0	27.92	0	0
_D:	7	17	0.559261	5	0	28.68	0	0
_D:	7	18	0.187994	4	0	30.08	0	0
_D:	7	19	0.0864009	4	0	29	0	0
_D:	7	20	0.012234	1	0	27.12	0	0
_D:	7	21	0.0113827	1	0	28.4	0	0
_D:	7	22	0.424694	4	0	26.24	0	0
_D:	7	23	0.0283817	1	0	28	0	0
_D:	7	24	0.402767	2	0	26.88	0	0
_D:	7	25	0.318014	3	0	25.92	0	0
_D:	7	26	0	0	0	25.44	0	0
_D:	8	0	6.50186	25	0	27.4	0	0
_D:	8	1	5.56277	25	0	31.68	0	0
_D:	8	2	4.55676	25	0	30.2	0	0
_D:	8	3	4.34538	25	0	34.04	0	0
_D:	8	4	3.91591	25	0	33.32	0	0
_D:	8	5	3.13543	25	0	35.24	0	0
_D:	8	6	2.55933	25	0	34.04	0	0
_D:	8	7	2.51419	25	0	29.88	0	0
_D:	8	8	1.97709	23	0	31.2	0	0
_D:	8	9	1.01139	17	0	30.16	0	0
_D:	8	10	1.17579	15	0	30.36	0	0
_D:	8	11	1.04524	13	0	28.44	0	0
_D:	8	12	0.636076	13	0	26.48	0	0
_D:	8	13	0.334675	9	0	27.44	0	0
_D:	8	14	0.142319	5	0	27.32	0	0
_D:	8	15	0.0881485	4	0	27.24	0	0
_D:	8	16	0.455272	4	0	28.96	0	0
_D:	8	17	0.214171	6	0	28.8	0	0
_D:	8	18	0.047402	2	0	27.84	0	0
_D:	8	19	0.0423789	2	0	29.2	0	0
_D:	8	20	0.0123861	1	0	27.56	0	0
_D:	8	21	0.0137953	1	0	27.68	0	0
_D:	8	22	0.0138608	1	0	26.28	0	0
_D:	8	23	0	0	0	26.76	0	0
_D:	9	0	6.21052	25	0	32.16	0	0
_D:	9	1	5.75794	25	0	32.48	0	0
_D:	9	2	4.3429	25	0	31.64	0	0
_D:	9	3	3.42706	25	0	32.96	0	0
_D:	9	4	3.35215	25	0	32.24	0	0
_D:	9	5	2.51311	24	0	30	0	0
_D:	9	6	2.4514	25	0	29.96	0	0
_D:	9	7	1.48181	21	0	34.56	0	0
_D:	9	8	1.24189	22	0	29.48	0	0
_D:	9	9	1.27397	20	0	29.68	0	0
_D:	9	10	0.867807	19	0	28.4	0	0
_D:	9	11	0.697662	15	0	27	0	0
_D:	9	12	0.647438	13	0	28.64	0	0
_D:	9	13	0.506176	12	0	26.56	0	0
_D:	9	14	0.488855	11	0	31.4	0	0
_D:	9	15	0.35003	7	0	26	0	0
_D:	9	16	0.423871	6	0	27.4	0	0
_D:	9	17	0.272836	5	0	26.8	0	0
_D:	9	18	0.21122	5	0	28.24	0	0
_D:	9	19	0.197893	6	0	27.16	0	0
_D:	9	20	0.0595622	3	0	26.28	0	0
_D:	9	21	0.269469	4	0	28.76	0	0
_D:	9	22	0.0978871	1	0	25.36	0	0
_D:	9	23	0.0267633	2	0	25.2	0	0
_D:	9	24	0.25036	3	0	27.24	0	0
_D:	9	25	0.0548119	1	0	23.88	0	0
_D:	9	26	0.010158	1	0	25.04	0	0
_D:	9	27	0	0	0	25.44	0	0
