_H:	$phone	%phone_data[1:0]<1:15>	%phone_data[1:1]	%phone_data[1:2]	%phone_data[1:3]	%phone_data[1:4]	%phone_data[1:5]	%phone_data[1:6]	%phone_data[1:7]	%phone_data[1:8]	%phone_data[1:9]	%phone_data[1:10]	%phone_data[1:11]	%phone_data[1:12]	%phone_data[1:13]	%phone_data[1:14]	%duration	%transition	%qssa	%qssb
_D:	"#"	0	0	0	0	5.5	2500	500	0.89	0.99	0.81	0.76	1.05	1.23	0.01	0.1	72	20	26	26
_D:	"#'"	0	0	0	0	5.5	2500	500	0.89	0.99	0.81	0.76	1.05	1.23	0.01	0.1	72	20	26	26
_D:	"^"	0	0	0	0	5.5	2500	500	0.89	0.99	0.81	0.76	1.05	1.23	0.01	0.1	100	40	30	30
_D:	"^'"	0	0	0	0	5.5	2500	500	0.89	0.99	0.81	0.76	1.05	1.23	0.01	0.1	100	40	30	30
_D:	"a"	0	60	0	0	5.5	2500	500	0.65	0.65	0.65	1.31	1.23	1.31	1.67	0.1	77	27.8	25.9	25.9
_D:	"a'"	0	60	0	0	5.5	2500	500	0.65	0.65	0.65	1.31	1.23	1.31	1.67	0.1	132.4	27.8	53.6	53.6
_D:	"aa"	0	60	0	0	5.5	2500	500	0.65	0.84	1.15	1.31	1.59	1.59	2.61	0.1	84	27.8	29.4	29.4
_D:	"aa'"	0	60	0	0	5.5	2500	500	0.65	0.84	1.15	1.31	1.59	1.59	2.61	0.1	122	27.8	48.4	48.4
_D:	"ah"	0	60	0	0	5.5	2500	500	0.65	0.45	0.94	1.1	1.52	1.46	2.45	0.1	65.4	27.8	20.1	20.1
_D:	"ah'"	0	60	0	0	5.5	2500	500	0.65	0.45	0.94	1.1	1.52	1.46	2.45	0.1	118.5	27.8	46.6	46.6
_D:	"an"	0	60	0	0	5.5	2500	500	0.52	0.45	0.79	1.49	1.67	1.02	1.59	1.5	106.8	27.8	40.8	40.8
_D:	"an'"	0	60	0	0	5.5	2500	500	0.52	0.45	0.79	1.49	1.67	1.02	1.59	1.5	181.6	27.8	78.2	78.2
_D:	"ar"	0	60	0	0	5.5	2500	500	0.52	0.45	0.79	1.49	1.67	1.02	1.59	0.1	106.8	27.8	40.8	40.8
_D:	"ar'"	0	60	0	0	5.5	2500	500	0.52	0.45	0.79	1.49	1.67	1.02	1.59	0.1	181.6	27.8	78.2	78.2
_D:	"aw"	0	60	0	0	5.5	2500	500	1.1	0.94	0.42	1.49	1.67	1.78	1.05	0.1	114	27.8	44.4	44.4
_D:	"aw'"	0	60	0	0	5.5	2500	500	1.1	0.94	0.42	1.49	1.67	1.78	1.05	0.1	194	27.8	84.4	84.4
_D:	"b"	-2	43.5	0	0	7	2000	700	0.89	0.76	1.28	1.8	0.99	0.84	0.1	0.1	61	24	30.5	30.5
_D:	"b'"	-2	43.5	0	0	7	2000	700	0.89	0.76	1.28	1.8	0.99	0.84	0.1	0.1	70.8	24	35.4	35.4
_D:	"bx"	-2	43.5	0	0	7	2000	700	0.89	0.76	1.28	1.8	0.99	0.84	0.1	0.1	74	21.5	37	37
_D:	"bx'"	-2	43.5	0	0	7	2000	700	0.89	0.76	1.28	1.8	0.99	0.84	0.1	0.1	94	21.5	47	47
_D:	"ch"	-2	0	0	0	5.6	2500	2600	1.36	1.74	1.87	0.94	0	0.79	0.79	0.1	118.6	24.2	59.3	59.3
_D:	"ch'"	-2	0	0	0	5.6	2500	2600	1.36	1.74	1.87	0.94	0	0.79	0.79	0.1	118.8	62	59.4	59.4
_D:	"d"	-2	43.5	0	0	6.7	4500	2000	1.31	1.49	1.25	0.76	0.1	1.44	1.3	0.1	45.6	28	22.8	22.8
_D:	"d'"	-2	43.5	0	0	6.7	4500	2000	1.31	1.49	1.25	0.76	0.1	1.44	1.31	0.1	73.2	28	36.6	36.6
_D:	"dh"	-1	54	0	0.25	6	4400	4500	1.2	1.5	1.35	1.2	1.2	0.4	1	0.1	41.4	44	20.7	20.7
_D:	"dh'"	-1	54	0	0.25	6	4400	4500	1.2	1.5	1.35	1.2	1.2	0.4	1	0.1	41.4	44	20.7	20.7
_D:	"dx"	-2	43.5	0	0	6.7	4500	2000	1.31	1.49	1.25	0.76	0.1	1.44	1.31	0.1	51.6	28.5	25.8	25.8
_D:	"dx'"	-2	43.5	0	0	6.7	4500	2000	1.31	1.49	1.25	0.76	0.1	1.44	1.31	0.1	65.4	28.5	32.7	32.7
_D:	"e"	0	60	0	0	5.5	2500	500	0.68	1.12	1.695	1.385	1.07	1.045	2.06	0.1	61	27.8	17.9	17.9
_D:	"e'"	0	60	0	0	5.5	2500	500	0.68	1.12	1.695	1.385	1.07	1.045	2.06	0.1	77.6	27.8	26.2	26.2
_D:	"ee"	0	60	0	0	5.5	2500	500	1.67	1.905	1.985	0.81	0.495	0.73	1.485	0.1	82.4	27.8	28.6	28.6
_D:	"ee'"	0	60	0	0	5.5	2500	500	1.67	1.905	1.985	0.81	0.495	0.73	1.485	0.1	141.8	27.8	58.3	58.3
_D:	"er"	0	60	0	0	5.5	2500	500	0.885	0.99	0.81	0.755	1.045	1.225	1.12	0.1	132.2	27.8	53.5	53.5
_D:	"er'"	0	60	0	0	5.5	2500	500	0.885	0.99	0.81	0.755	1.045	1.225	1.12	0.1	167.6	27.8	71.2	71.2
_D:	"f"	-1	0	0	0.5	7	3300	1000	0.89	0.99	0.81	0.76	0.89	0.84	0.5	0.1	70	40	35	35
_D:	"f'"	-1	0	0	0.5	7	3300	1000	0.89	0.99	0.81	0.76	0.89	0.84	0.5	0.1	98	40	49	49
_D:	"g"	-2	43.5	0	0	4.7	2000	2000	1.7	1.3	0.99	0.1	1.07	0.73	1.49	0.1	53.4	22	26.7	26.7
_D:	"g'"	-2	43.5	0	0	4.7	2000	2000	1.7	1.3	0.99	0.1	1.07	0.73	1.49	0.1	68.2	22	34.1	34.1
_D:	"gs"	0	0	0	0	5.5	2500	500	0.8	0.8	0.8	0.8	0.8	0.8	0.8	0.1	70	18	35	35
_D:	"gs'"	0	0	0	0	5.5	2500	500	0.8	0.8	0.8	0.8	0.8	0.8	0.8	0.1	90	18	45	45
_D:	"h"	0	0	10	0	5.5	2500	500	0.8	0.8	0.8	0.8	0.8	0.8	0.8	0.1	49.8	27.8	24.9	24.9
_D:	"h'"	0	0	10	0	5.5	2500	500	0.8	0.8	0.8	0.8	0.8	0.8	0.8	0.1	66.6	27.8	33.3	33.3
_D:	"hh"	0	0	10	0	1	1000	1000	0.24	0.4	0.81	0.76	1.05	1.23	1.12	0.1	63.8	34.2	31.9	31.9
_D:	"hh'"	0	0	10	0	1	1000	1000	0.24	0.4	0.81	0.76	1.05	1.23	1.12	0.1	124.2	24.2	62.1	62.1
_D:	"hv"	0	42	10	0	5.5	2500	500	0.8	0.8	0.8	0.8	0.8	0.8	0.8	0.1	49.8	27.8	24.9	24.9
_D:	"hv'"	0	42	10	0	5.5	2500	500	0.8	0.8	0.8	0.8	0.8	0.8	0.8	0.1	66.6	27.8	33.3	33.3
_D:	"i"	0	60	0	0	5.5	2500	500	1.045	1.565	1.75	0.94	0.68	0.785	1.12	0.1	53.2	27.8	14	14
_D:	"i'"	0	60	0	0	5.5	2500	500	1.045	1.565	1.75	0.94	0.68	0.785	1.12	0.1	76.2	27.8	25.5	25.5
_D:	"in"	0	60	0	0	5.5	2500	500	0.65	0.835	1.15	1.305	1.59	1.59	2.61	1.5	84	27.8	29.4	29.4
_D:	"in'"	0	60	0	0	5.5	2500	500	0.65	0.835	1.15	1.305	1.59	1.59	2.61	1.5	122	27.8	48.4	48.4
_D:	"j"	-2	48	0	0	5.6	2500	2600	1.36	1.74	1.87	0.94	0	0.79	0.79	0.1	93.4	24.2	46.7	46.7
_D:	"j'"	-2	48	0	0	5.6	2500	2600	1.36	1.74	1.87	0.94	0	0.79	0.79	0.1	100	24.2	50	50
_D:	"k"	-10	0	0	0	4.7	2000	2000	1.7	1.3	0.99	0.1	1.07	0.73	1.49	0.1	62.8	30	31.4	31.4
_D:	"k'"	-10	0	0	0	4.7	2000	2000	1.7	1.3	0.99	0.1	1.07	0.73	1.49	0.1	82.4	30	41.7	41.7
_D:	"kx"	-10	0	0	0	4.7	2000	2000	1.7	1.3	0.99	0.1	1.07	0.73	1.49	0.1	87.2	30	43.6	43.6
_D:	"kx'"	-10	0	0	0	4.7	2000	2000	1.7	1.3	0.99	0.1	1.07	0.73	1.49	0.1	114.6	30	57.3	57.3
_D:	"l"	0	60	0	0	5.5	2500	500	0.89	1.1	0.97	0.89	0.34	0.29	1.12	0.1	72	22.6	36	36
_D:	"l'"	0	60	0	0	5.5	2500	500	0.89	1.1	0.97	0.89	0.34	0.29	1.12	0.1	84	22.6	42	42
_D:	"ll"	0	60	0	0	5.5	2500	500	0.63	0.47	0.65	1.54	0.45	0.26	1.05	0.1	72	22.6	36	36
_D:	"ll'"	0	60	0	0	5.5	2500	500	0.63	0.47	0.65	1.54	0.45	0.26	1.05	0.1	84	22.6	42	42
_D:	"ls"	0	60	0	0	5.5	2500	500	0.63	0.47	0.65	1.54	0.45	0.26	1.05	0.1	100	22.6	50	50
_D:	"ls'"	0	60	0	0	5.5	2500	500	0.63	0.47	0.65	1.54	0.45	0.26	1.05	0.1	150	22.6	75	75
_D:	"m"	0	60	0	0	5.5	2500	500	0.89	0.76	1.28	1.8	0.99	0.84	0.1	0.5	49.8	16	24.8	24.8
_D:	"m'"	0	60	0	0	5.5	2500	500	0.89	0.76	1.28	1.8	0.99	0.84	0.1	0.5	94.4	16	47.2	47.2
_D:	"n"	0	60	0	0	5.5	2500	500	1.31	1.49	1.25	1	0.05	1.44	1.31	0.5	50.6	25.7	25.3	25.3
_D:	"n'"	0	60	0	0	5.5	2500	500	1.31	1.49	1.25	1	0.05	1.44	1.31	0.5	66	25.7	33	33
_D:	"ng"	0	60	0	0	5.5	2500	500	1.7	1.3	0.99	0.1	1.07	0.73	1.49	0.5	50	28.5	25	25
_D:	"ng'"	0	60	0	0	5.5	2500	500	1.7	1.3	0.99	0.1	1.07	0.73	1.49	0.5	68	28.5	34	34
_D:	"o"	0	60	0	0	5.5	2500	500	1	0.925	0.6	1.27	1.83	1.97	1.12	0.1	70.4	27.8	22.6	22.6
_D:	"o'"	0	60	0	0	5.5	2500	500	1	0.93	0.6	1.27	1.83	1.97	1.12	0.1	103.8	27.8	39.3	39.3
_D:	"oh"	0	0	0	0	5.5	2500	500	0.885	0.99	0.81	0.755	1.045	1.225	1.12	0.1	37.8	27.8	5	5
_D:	"oh'"	0	0	0	0	5.5	2500	500	0.885	0.99	0.81	0.755	1.045	1.225	1.12	0.1	41.8	27.8	7	7
_D:	"on"	0	60	0	0	5.5	2500	500	1	0.925	0.6	1.265	1.83	1.965	1.12	1.5	70.4	27.8	22.6	22.6
_D:	"on'"	0	60	0	0	7	2000	1000	1	0.925	0.6	1.265	1.83	1.965	1.12	1.5	103.8	27.8	39.3	39.3
_D:	"ov"	0	60	0	0	5.5	2500	500	0.885	0.99	0.81	0.755	1.045	1.225	1.12	0.1	37.8	27.8	5	5
_D:	"ov'"	0	60	0	0	5.5	2500	500	0.885	0.99	0.81	0.755	1.045	1.225	1.12	0.1	41.8	27.8	7	7
_D:	"p"	-10	0	0	0	7	2000	700	0.89	0.76	1.28	1.8	0.99	0.84	0.1	0.1	76	18.3	38	38
_D:	"p'"	-10	0	0	0	7	2000	700	0.89	0.76	1.28	1.8	0.99	0.84	0.1	0.1	81.6	18.3	40.8	40.8
_D:	"ph"	-1	0	0	24	7	864	3587	0.89	0.99	0.81	0.6	0.52	0.71	0.24	0.1	100	18.3	50	50
_D:	"ph'"	-1	0	0	24	7	864	3587	0.89	0.99	0.81	0.6	0.52	0.71	0.24	0.1	126	18.3	63	63
_D:	"px"	-10	0	0	0	7	2000	700	0.89	0.76	1.28	1.8	0.99	0.84	0.1	0.1	89.4	18.3	44.7	44.7
_D:	"px'"	-10	0	0	0	7	2000	700	0.89	0.76	1.28	1.8	0.99	0.84	0.1	0.1	116.2	18.3	58.1	58.1
_D:	"q"	0	0	0	0	5.5	2500	500	0.89	0.99	0.81	0.76	1.05	1.23	0.01	0.1	18	6	6	6
_D:	"q'"	0	0	0	0	5.5	2500	500	0.89	0.99	0.81	0.76	1.05	1.23	0.01	0.1	21	7	7	7
_D:	"qc"	-2	0	0	0	5.6	2500	2600	1.36	1.74	1.87	0.94	0.1	0.79	0.79	0.1	6	2	2	2
_D:	"qc'"	-2	0	0	0	5.6	2500	2600	1.36	1.74	1.87	0.94	0.1	0.79	0.79	0.1	6	2	2	2
_D:	"qk"	-10	0	0	0	4.7	2000	2000	1.7	1.3	0.99	0.1	1.07	0.73	1.49	0.1	6	2	2	2
_D:	"qk'"	-10	0	0	0	4.7	2000	2000	1.7	1.3	0.99	0.1	1.07	0.73	1.49	0.1	6	2	2	2
_D:	"qp"	-10	0	0	0	7	2000	700	0.89	0.76	1.28	1.8	0.99	0.84	0.1	0.1	6	2	2	2
_D:	"qp'"	-10	0	0	0	7	2000	700	0.89	0.76	1.28	1.8	0.99	0.84	0.1	0.1	6	2	2	2
_D:	"qs"	0	0	0	0	5.8	5500	500	1.31	1.49	1.25	0.9	0.2	0.4	1.31	0.1	6	2	2	2
_D:	"qs'"	0	0	0	0	5.8	5500	500	1.31	1.49	1.25	0.9	0.2	0.4	1.31	0.1	6	2	2	2
_D:	"qt"	-10	0	0	0	7	4500	2000	1.31	1.49	1.25	0.76	0.1	1.44	1.31	0.1	6	2	2	2
_D:	"qt'"	-10	0	0	0	7	4500	2000	1.31	1.49	1.25	0.76	0.1	1.44	1.31	0.1	6	2	2	2
_D:	"qz"	-1	0	0	0	5.8	5500	500	1.31	1.49	1.25	0.9	0.2	0.6	1.31	0.1	6	2	2	2
_D:	"qz'"	-1	0	0	0	5.8	5500	500	1.31	1.49	1.25	0.9	0.2	0.6	1.31	0.1	6	2	2	2
_D:	"r"	0	60	0	0	5.5	2500	500	1.31	0.73	1.07	2.12	0.47	1.78	0.65	0.1	40.4	40	20.2	20.2
_D:	"r'"	0	60	0	0	5.5	2500	500	1.31	0.73	1.07	2.12	0.47	1.78	0.65	0.1	70.8	40	35.4	35.4
_D:	"rr"	0	60	0	0	5.5	2500	500	1.31	0.73	1.31	2.12	0.63	1.78	0.65	0.1	40.4	40	20.2	20.2
_D:	"rr'"	0	60	0	0	5.5	2500	500	1.31	0.73	1.31	2.12	0.63	1.78	0.65	0.1	70.8	40	35.4	35.4
_D:	"s"	0	0	0	0.8	5.8	5500	500	1.31	1.49	1.25	0.9	0.2	0.4	1.31	0.1	78.2	29.6	39.1	39.1
_D:	"s'"	0	0	0	0.8	5.8	5500	500	1.31	1.49	1.25	0.9	0.2	0.4	1.31	0.1	111.6	29.6	55.8	55.8
_D:	"sh"	0	0	0	0.4	5.6	2500	2600	1.36	1.74	1.87	0.94	0.37	0.79	0.79	0.1	63.8	24.2	31.9	31.9
_D:	"sh'"	0	0	0	0.4	5.6	2500	2600	1.36	1.74	1.87	0.94	0.37	0.79	0.79	0.1	124.2	24.2	62.1	62.1
_D:	"t"	-10	0	0	0	7	4500	2000	1.31	1.49	1.25	0.76	0.1	1.44	1.31	0.1	49.8	24.2	24.9	24.9
_D:	"t'"	-10	0	0	0	7	4500	2000	1.31	1.49	1.25	0.76	0.1	1.44	1.31	0.1	70.4	24.2	35.2	35.2
_D:	"th"	0	0	0	0.25	6	4400	4500	1.2	1.5	1.35	1.2	1.2	0.4	1	0.1	54.6	40	27.3	27.3
_D:	"th'"	0	0	0	0.25	6	4400	4500	1.2	1.5	1.35	1.2	1.2	0.4	1.5	0.1	116.2	40	58.1	58.1
_D:	"tx"	-10	0	0	0	6.7	4500	2000	1.31	1.49	1.25	0.76	0.1	1.44	1.31	0.1	90	24.2	45	45
_D:	"tx'"	-10	0	0	0	6.7	4500	2000	1.31	1.49	1.25	0.76	0.1	1.44	1.31	0.1	107	24.2	53.5	53.5
_D:	"u"	0	60	0	0	5.5	2500	500	0.625	0.6	0.705	1.12	1.93	1.515	0.625	0.1	51	27.8	12.9	12.9
_D:	"u'"	0	60	0	0	5.5	2500	500	0.625	0.6	0.705	1.12	1.93	1.515	0.625	0.1	108.8	27.8	41.8	41.8
_D:	"uh"	0	60	0	0	5.5	2500	500	0.89	0.99	0.81	0.76	1.05	1.23	1.12	0.1	46.2	27.8	10.4	10.4
_D:	"uh'"	0	60	0	0	5.5	2500	500	0.89	0.99	0.81	0.76	1.05	1.23	1.12	0.1	74	27.8	24.4	24.4
_D:	"un"	0	60	0	0	5.5	2500	500	0.885	0.99	0.81	0.755	1.045	1.225	1.12	1.5	46.2	27.8	23.1	23.1
_D:	"un'"	0	60	0	0	5.5	2500	500	0.885	0.99	0.81	0.755	1.045	1.225	1.12	1.5	74	27.8	24.4	24.4
_D:	"uu"	0	60	0	0	5.5	2500	500	1.91	1.44	0.6	1.02	1.33	1.56	0.55	0.1	105.2	27.8	40	40
_D:	"uu'"	0	60	0	0	5.5	2500	500	1.91	1.44	0.6	1.02	1.33	1.56	0.55	0.1	145.2	27.8	60	60
_D:	"v"	-1	54	0	0.2	7	3300	1000	0.89	0.99	0.81	0.76	0.89	0.84	0.5	0.1	48.4	44	24.2	24.2
_D:	"v'"	-1	54	0	0.2	7	3300	1000	0.89	0.99	0.81	0.76	0.89	0.84	0.5	0.1	70	44	35	35
_D:	"w"	0	60	0	0	5.5	2500	500	1.91	1.44	0.6	1.02	1.33	1.56	0.55	0.1	47.4	33.7	23.7	23.7
_D:	"w'"	0	60	0	0	5.5	2500	500	1.91	1.44	0.6	1.02	1.33	1.56	0.55	0.1	68.6	33.7	34.3	34.3
_D:	"x"	0	0	0	0.5	2	1770	900	1.7	1.3	0.4	0.99	1.07	0.73	1.49	0.1	98	30	49	49
_D:	"x'"	0	0	0	0.5	2	1770	900	1.7	1.3	0.4	0.99	1.07	0.73	1.49	0.1	124	45	62	62
_D:	"y"	0	60	0	0	5.5	2500	500	1.67	1.91	1.99	0.63	0.29	0.58	1.49	0.25	54.6	37.7	27.3	27.3
_D:	"y'"	0	60	0	0	5.5	2500	500	1.67	1.91	1.99	0.63	0.29	0.58	1.49	0.25	84.4	37.7	42.2	42.2
_D:	"z"	-1	54	0	0.8	5.8	5500	500	1.31	1.49	1.25	0.9	0.2	0.6	1.31	0.1	56.6	30.4	28.3	28.3
_D:	"z'"	-1	54	0	0.8	5.8	5500	500	1.31	1.49	1.25	0.9	0.2	0.6	1.31	0.1	84.8	30.4	42.4	42.4
_D:	"zh"	-1	54	0	0.4	5.6	2500	2600	1.36	1.74	1.87	0.94	0.37	0.79	0.79	0.1	40	29.6	20	20
_D:	"zh'"	-1	54	0	0.4	5.6	2500	2600	1.36	1.74	1.87	0.94	0.37	0.79	0.79	0.1	83	29.6	41.5	41.5
